03.11.23 - preliminary results

Ticker        R^2                 Days       n_SMA
--------------------------------------------------
AAPL      0.01864 (   0.01764)      8 (  4)      3 (  1)
BAC      -0.00343 (  -0.00457)      3 (  2)      2 (  2)
COST      0.13559 (   0.13537)     10 (  9)     19 ( 18)
C         0.00720 (  -0.00645)      2 (  1)      1 (  7)
DG        0.00371 (   0.00093)      6 (  5)      2 (  2)
FB        0.05290 (   0.04788)      5 (  4)      6 (  6)
HSBC      0.01824 (   0.01267)      3 (  2)      1 (  1)
JPM      -0.01379 (  -0.02942)      1 (  1)      2 (  1)

04.11.23 - First results with dependent variable as a flexible mean, covering n_future days

Ticker        R^2                 Days       n_SMA       n_future
-----------------------------------------------------------------
AAPL      0.02480 (   0.02455)      6 (  6)     17 ( 17)         8 (        6)
BAC       0.00026 (  -0.00018)      4 (  3)     12 ( 12)         1 (        1)
COST      0.06092 (   0.05711)      9 (  7)     16 ( 16)        10 (       10)
C         0.00722 (   0.00099)      2 (  1)      1 ( 20)         1 (        2)
DG        0.01292 (   0.00944)      7 (  5)      9 ( 18)         2 (        2)
FB        0.06486 (   0.05884)     10 (  6)     10 ( 18)         5 (        8)
HSBC      0.01981 (   0.01823)      7 (  3)      2 (  1)         1 (        1)
JPM       0.00436 (   0.00224)      4 (  3)     12 ( 12)         2 (        2)

Performance Summary:
Metric        R^2                Days               n_SMA               n_fut
Average   0.02439 ( 0.02140)  6.12500 ( 4.25000)  9.87500 (14.25000)  3.75000 ( 4.00000)
Median    0.01637 ( 0.01383)  6.50000 ( 4.00000) 11.00000 (16.50000)  2.00000 ( 2.00000)
StDev     0.02508 ( 0.02417)  2.69590 ( 2.05287)  5.84166 ( 6.06512)  3.53553 ( 3.50510)

##### 04.11.23 - new results, solved bug (dataframe was reduced during tests)

Ticker        R^2                 Days        n_ma      n_future
----------------------------------------------------------------
AAPL      0.01332 (   0.00878)      6 (  6)     13 ( 13)      8 (  7)
BAC      -0.00120 (  -0.00232)      4 (  3)     13 ( 13)      1 (  1)
COST      0.18193 (   0.17626)      9 (  9)     13 ( 13)     22 ( 21)
C         0.00722 (  -0.00139)      2 (  1)     13 ( 13)      1 (  2)
DG        0.00890 (   0.00539)      7 (  5)     13 ( 13)      2 (  2)
FB        0.04299 (   0.03557)      1 (  1)     13 ( 13)      8 (  6)
HSBC      0.01823 (   0.01249)      3 (  2)     13 ( 13)      1 (  1)
JPM       0.00169 (  -0.00328)      4 (  3)     13 ( 13)      2 (  1)

Performance Summary:
Metric        R^2                Days                n_ma               n_fut
Average   0.03413 ( 0.02894)  4.50 ( 3.75) 13.00 (13.00)  5.62 ( 5.12)
Median    0.01111 ( 0.00709)  4.00 ( 3.00) 13.00 (13.00)  2.00 ( 2.00)
StDev     0.06126 ( 0.06084)  2.67 ( 2.76)  0.00 ( 0.00)  7.27 ( 6.83)

(wrong n_ma printed)

####

Total time: 1130.50 seconds
Ticker        R^2                 Days        n_ma      n_future
----------------------------------------------------------------
AAPL      0.02232 (   0.01743)     10 (  8)     10 (  3)      1 (  3)
BAC      -0.00068 (  -0.00268)      3 (  2)      2 (  4)      1 (  1)
COST      0.18193 (   0.17626)      9 (  9)     21 ( 21)     22 ( 21)
C         0.00722 (  -0.00139)      2 (  1)      1 ( 10)      1 (  2)
DG        0.00890 (   0.00539)      7 (  5)      9 ( 18)      2 (  2)
FB        0.04299 (   0.03557)      1 (  1)      8 (  8)      8 (  6)
HSBC      0.01823 (   0.01249)      3 (  2)      1 (  1)      1 (  1)
JPM       0.00169 (  -0.00328)      4 (  3)     12 ( 12)      2 (  1)

Performance Summary:
Metric        R^2                Days                n_ma               n_fut
Average   0.03532 ( 0.02997)  4.88 ( 3.88)  8.00 ( 9.62)  4.75 ( 4.62)
Median    0.01356 ( 0.00894)  3.50 ( 2.50)  8.50 ( 9.00)  1.50 ( 2.00)
StDev     0.06086 ( 0.06054)  3.36 ( 3.14)  6.80 ( 7.15)  7.36 ( 6.82)

#### improved runtime by moving mean-calculation

Total time: 11 minutes and 24 seconds
Ticker        R^2                 Days        n_ma      n_future
----------------------------------------------------------------
AAPL      0.02600 (   0.02362)     11 ( 11)     10 ( 10)      3 (  1)
BAC      -0.00068 (  -0.00268)      3 (  2)      2 (  4)      1 (  1)
COST      0.18193 (   0.17626)      9 (  9)     21 ( 21)     22 ( 21)
C         0.00722 (  -0.00139)      2 (  1)      1 ( 10)      1 (  2)
DG        0.00890 (   0.00539)      7 (  5)      9 ( 18)      2 (  2)
FB        0.04299 (   0.03557)      1 (  1)      8 (  8)      8 (  6)
HSBC      0.01823 (   0.01249)      3 (  2)      1 (  1)      1 (  1)
JPM       0.00169 (  -0.00328)      4 (  3)     12 ( 12)      2 (  1)

Performance Summary:
Metric        R^2                Days                n_ma               n_fut
Average   0.03578 ( 0.03075)  5.00 ( 4.25)  8.00 (10.50)  5.00 ( 4.38)
Median    0.01356 ( 0.00894)  3.50 ( 2.50)  8.50 (10.00)  2.00 ( 1.50)
StDev     0.06076 ( 0.06039)  3.59 ( 3.81)  6.80 ( 6.63)  7.25 ( 6.93)

#### with MACD - not bad

Total time: 18 minutes and 6 seconds
Ticker        R^2                 Days        n_ma      n_future
----------------------------------------------------------------
BAC       0.49893 (   0.49396)      1 (  1)     13 ( 12)     10 ( 10)
COST      0.18605 (   0.18426)      8 (  8)     18 ( 18)     23 ( 22)
C         0.37695 (   0.35105)      1 (  1)     10 (  9)      4 (  4)
DG        0.02432 (   0.01602)      7 (  4)     18 ( 18)      2 (  2)
FB        0.41177 (   0.38585)      1 (  1)     12 ( 11)     10 (  9)
HSBC      0.16450 (   0.12144)      1 (  1)      5 (  4)      3 (  3)
JPM       0.21626 (   0.17389)      1 (  1)     10 ( 10)      4 (  3)

Performance Summary:
Metric        R^2                Days                n_ma               n_fut
Average   0.26840 ( 0.24664)  2.86 ( 2.43) 12.29 (11.71)  8.00 ( 7.57)
Median    0.21626 ( 0.18426)  1.00 ( 1.00) 12.00 (11.00)  4.00 ( 4.00)
StDev     0.16601 ( 0.16807)  3.18 ( 2.70)  4.64 ( 4.99)  7.37 ( 7.09)
